vesselCount = 0
UT = 15151.957626965284
gameMode = CAREER
gameNull = False
kspVersion = 1.12.5
funds = 161336.71079934528
science = 6
reputationPercent = 4
ongoingContracts = 1
missionCurrentScore = 0
missionIsStarted = False
missionIsEnded = False
missionHistoryId = 00000000-0000-0000-0000-000000000000
missionExpansionVersion = 
saveMD5 = 
lastWriteTime = 638692758680000000
