vesselCount = 16
UT = 4071171.0781113263
gameMode = CAREER
gameNull = False
kspVersion = 1.12.5
funds = 218244.52494362491
science = 15
reputationPercent = 47
ongoingContracts = 6
missionCurrentScore = 0
missionIsStarted = False
missionIsEnded = False
missionHistoryId = 00000000-0000-0000-0000-000000000000
missionExpansionVersion = 
saveMD5 = 
lastWriteTime = 638814544080591084
