vesselCount = 18
UT = 4622035.2295773793
gameMode = CAREER
gameNull = False
kspVersion = 1.12.5
funds = 441475.90067102097
science = 223
reputationPercent = 49
ongoingContracts = 11
missionCurrentScore = 0
missionIsStarted = False
missionIsEnded = False
missionHistoryId = 00000000-0000-0000-0000-000000000000
missionExpansionVersion = 
saveMD5 = 
lastWriteTime = 639042169290976220
