vesselCount = 17
UT = 3716233.3696914548
gameMode = CAREER
gameNull = False
kspVersion = 1.12.5
funds = 60883.220648539922
science = 163
reputationPercent = 44
ongoingContracts = 10
missionCurrentScore = 0
missionIsStarted = False
missionIsEnded = False
missionHistoryId = 00000000-0000-0000-0000-000000000000
missionExpansionVersion = 
saveMD5 = 
lastWriteTime = 638806856530000000
