vesselCount = 16
UT = 3801219.3616001466
gameMode = CAREER
gameNull = False
kspVersion = 1.12.5
funds = 318809.99884309829
science = 5
reputationPercent = 45
ongoingContracts = 8
missionCurrentScore = 0
missionIsStarted = False
missionIsEnded = False
missionHistoryId = 00000000-0000-0000-0000-000000000000
missionExpansionVersion = 
saveMD5 = 
lastWriteTime = 638814376896386249
