vesselCount = 0
UT = 904071.85672869021
gameMode = CAREER
gameNull = False
kspVersion = 1.12.5
funds = 27004.871205163818
science = 102
reputationPercent = 12
ongoingContracts = 5
missionCurrentScore = 0
missionIsStarted = False
missionIsEnded = False
missionHistoryId = 00000000-0000-0000-0000-000000000000
missionExpansionVersion = 
saveMD5 = 
lastWriteTime = 638692898910000000
