vesselCount = 0
UT = 1181764.6651288988
gameMode = CAREER
gameNull = False
kspVersion = 1.12.5
funds = 157620.35110092897
science = 31
reputationPercent = 19
ongoingContracts = 5
missionCurrentScore = 0
missionIsStarted = False
missionIsEnded = False
missionHistoryId = 00000000-0000-0000-0000-000000000000
missionExpansionVersion = 
saveMD5 = 
lastWriteTime = 638697154050000000
