vesselCount = 13
UT = 3634133.442775751
gameMode = CAREER
gameNull = False
kspVersion = 1.12.5
funds = 380838.22895869263
science = 227
reputationPercent = 43
ongoingContracts = 7
missionCurrentScore = 0
missionIsStarted = False
missionIsEnded = False
missionHistoryId = 00000000-0000-0000-0000-000000000000
missionExpansionVersion = 
saveMD5 = 
lastWriteTime = 638718687800000000
