vesselCount = 15
UT = 3684788.7289444404
gameMode = CAREER
gameNull = False
kspVersion = 1.12.5
funds = 164099.11130579957
science = 101
reputationPercent = 44
ongoingContracts = 6
missionCurrentScore = 0
missionIsStarted = False
missionIsEnded = False
missionHistoryId = 00000000-0000-0000-0000-000000000000
missionExpansionVersion = 
saveMD5 = 
lastWriteTime = 638800878190000000
