vesselCount = 4
UT = 2652446.2654894153
gameMode = CAREER
gameNull = False
kspVersion = 1.12.5
funds = 177636.62096472897
science = 21
reputationPercent = 38
ongoingContracts = 13
missionCurrentScore = 0
missionIsStarted = False
missionIsEnded = False
missionHistoryId = 00000000-0000-0000-0000-000000000000
missionExpansionVersion = 
saveMD5 = 
lastWriteTime = 638700030970000000
