vesselCount = 16
UT = 4133710.6044112928
gameMode = CAREER
gameNull = False
kspVersion = 1.12.5
funds = 370916.34084870276
science = 204
reputationPercent = 48
ongoingContracts = 5
missionCurrentScore = 0
missionIsStarted = False
missionIsEnded = False
missionHistoryId = 00000000-0000-0000-0000-000000000000
missionExpansionVersion = 
saveMD5 = 
lastWriteTime = 638837586070000000
