vesselCount = 14
UT = 4610922.8076695008
gameMode = CAREER
gameNull = False
kspVersion = 1.12.5
funds = 335165.74848027137
science = 223
reputationPercent = 49
ongoingContracts = 3
missionCurrentScore = 0
missionIsStarted = False
missionIsEnded = False
missionHistoryId = 00000000-0000-0000-0000-000000000000
missionExpansionVersion = 
saveMD5 = 
lastWriteTime = 639027966617233380
