vesselCount = 13
UT = 3643941.1648851326
gameMode = CAREER
gameNull = False
kspVersion = 1.12.5
funds = 328380.70505579957
science = 227
reputationPercent = 43
ongoingContracts = 7
missionCurrentScore = 0
missionIsStarted = False
missionIsEnded = False
missionHistoryId = 00000000-0000-0000-0000-000000000000
missionExpansionVersion = 
saveMD5 = 
lastWriteTime = 638794903880000000
