vesselCount = 2
UT = 2162913.7192622018
gameMode = CAREER
gameNull = False
kspVersion = 1.12.5
funds = 616256.48618724127
science = 19
reputationPercent = 28
ongoingContracts = 7
missionCurrentScore = 0
missionIsStarted = False
missionIsEnded = False
missionHistoryId = 00000000-0000-0000-0000-000000000000
missionExpansionVersion = 
saveMD5 = 
lastWriteTime = 638698303070000000
