vesselCount = 10
UT = 3284217.9076717277
gameMode = CAREER
gameNull = False
kspVersion = 1.12.5
funds = 343937.68445661664
science = 175
reputationPercent = 41
ongoingContracts = 10
missionCurrentScore = 0
missionIsStarted = False
missionIsEnded = False
missionHistoryId = 00000000-0000-0000-0000-000000000000
missionExpansionVersion = 
saveMD5 = 
lastWriteTime = 638704847010000000
